9.56121947812 3.85134820147
8.51107872989 10.9945315766
9.2097215696 4.78199600601
9.67170542913 3.70883218874
8.83948268452 6.36348642997
8.5825580618 8.93861621319
9.25609695635 5.04459586808
9.92176974044 3.37455188173
8.98463003571 5.86254367813
9.73762004466 3.93532018007
9.71067519015 3.54644987802
8.78396281177 6.85557504879
9.22050132925 4.64305219808
8.598080742 8.97646993977
8.55291276804 9.61910788042
8.85689160273 6.58807151623
9.09795332907 5.81833132151
9.12912551896 5.12227485067
8.7346373608 7.56131165346
8.99728230228 6.22157484452
9.89951931851 3.19815793307
9.46841560836 4.67276962673
9.95916465026 2.99593695936
8.59592051915 9.43089524621
8.58937384982 9.03319622211
9.01144049431 5.4539898472
9.27022105489 4.82278539979
8.57746959273 9.06277214501
9.3661537472 4.50034143556
9.67803373972 3.87725478435
8.7525998786 7.81652785187
8.44389142222 12.5527192979
9.35381561551 4.3883136663
9.71176158089 3.30299236315
9.17076506592 5.52722975074
9.66848678488 4.25561355384
9.98105149119 3.11224143741
9.47310773408 4.66502166795
9.40125667253 4.4180887093
9.35806655266 4.20019248408

