1.68857583235 62.3761095383
1.60458443825 50.0420576727
1.81768775095 71.4540459284
1.76823587601 63.1682953014
1.68765050688 59.5881199418
1.65107464312 54.5186427491
1.57993498535 51.0363700388
1.78723290776 66.4039630519
1.89367337467 67.2649674476
1.6237388405 57.1453890187
1.80255906013 69.7797449381
1.85340842247 72.0576618039
1.75902598109 62.9037892409
1.63563779394 56.2505677264
1.88227595118 70.2984692352
1.73372433709 56.8951938563
1.78137360517 62.4980560209
1.70507415912 59.3980412005
1.69924545468 63.356965602
1.77470436929 62.8926620243
1.64849698811 54.5795333904
1.758862411 62.6853236233
1.93448814608 77.2482173255
1.68595332819 58.4636433781
1.66950122239 60.9125435711
1.53992467579 48.5297821629
1.64793096084 54.3298581212
1.77674923287 65.0816777886
1.76053976954 62.8945715649
1.9585252214 81.1633807595
1.57747771844 47.3772188399
1.74841338658 61.7303930487
1.72870400397 60.6647287607
1.89013792874 73.6928190672
1.56520069613 52.4346910707
1.75834002875 63.10430826
1.79980903751 63.024848205
1.76088530971 64.128684747
1.97191178668 77.2889145703
1.78039918883 63.688743046
1.76633066063 64.6927621761
1.67310477876 56.7481349937
1.7565157368 68.3548315123
1.61974897209 54.7858161311
1.65120311601 55.5915225778
1.89309618707 73.0616241603
1.53892937807 47.4135175478
1.68815999453 56.9823909927
1.66961258439 56.2779723086
1.85282658892 72.4310693674
1.86562581273 74.0127112401
1.76016976732 61.9421628975
1.69314051402 62.8765675598
1.63151930997 53.799235204
1.62641055477 52.2802761204
1.68863988662 57.1561511083
1.88899937705 76.0497895529
1.77995937398 66.1021121931
1.79794895841 65.8868285305
1.6411541073 55.8768132976
1.59725241348 52.0000814658
1.77368846071 69.7082713168
1.82561032597 69.0269487882
1.75090355493 62.4355098489
1.80071455534 62.3796627467
1.76878423321 60.6975756615
1.73086805771 63.8004322495
1.80931563808 64.0013821909
1.86165721171 70.0844484909
1.57272346688 52.7667077873
1.72004334788 57.5234540891
1.80342844126 67.4272653575
1.75406185178 65.1855174464
1.74639058046 60.6382733063
1.81904863056 64.8865737132
1.65567654447 55.6679844257
1.81972958435 70.4102756689
1.70322208097 60.3469333615
1.835737717 68.7529572346
1.61810861027 56.2562756914
1.73403875678 63.1630465146
1.65962144208 57.115744948
1.7371161617 62.6886199485
1.74794884022 61.3893741827
1.73651729868 63.1004324687
1.82142062353 67.4302473812
1.60574591097 51.0926184045
1.69757842164 62.3935249277
1.6890208477 56.8078909414
1.84674536467 69.5273441608
1.77657262947 63.5019802174
1.64934279478 57.376675541
1.7670194133 66.3365157244
1.63121438203 55.2814283522
1.62783889828 54.3929514833
1.59941460517 56.054324034
1.81579501729 67.9371484144
1.59627122074 51.6766739787
1.58306665006 52.1975327147
1.76081155164 62.9186042448
1.82965633621 69.465475528
1.80930018848 67.6829316274
1.68516498145 53.7969962295
1.59607138072 50.2831788227
1.72620457478 62.3447158626
1.6836205444 57.5283600939
1.75400467919 64.2299494421
1.72625809052 56.9983429936
1.76046353129 59.0250555185
1.78489444137 69.8304970358
1.69770092802 57.1319566692
1.71747278267 55.6864536221
1.66226283143 51.3348401048
1.60847160617 57.208792643
1.97528221207 73.3512412963
1.70640337089 58.8501551433
1.72840555863 61.5696073183
1.7585154334 60.1491543126
1.67894647594 59.4036477306
1.66760322971 53.9476778237
1.7355987338 63.87013637
1.69533604251 56.8404602631
1.60519822207 53.8789987627
1.7920160842 68.1608594893
1.58657593491 52.7269666223
1.92006407565 69.0188410869
1.77920376443 67.0709220925
1.58350171988 53.0437707899
1.63205627196 54.8911737581
1.75417199436 67.1216590291
1.85277548282 69.5620312111
1.65099203095 55.8996454888
1.78292887697 62.7438694831
1.83593513246 62.7765370154
1.59492146087 50.6219452488
1.87214205285 74.199831017
1.58378824219 54.9190932014
1.59551778623 57.5885833473
1.66586488096 57.7989796188
1.70345346601 60.5543990729
1.57471525658 54.8968526846
1.64089803215 56.4433452907
1.68764863198 59.3584328851
1.65700246224 56.2447526139
1.64915526798 57.8126485532
1.78157205168 64.8347111296
1.69303351183 59.2792042543
1.65873972826 56.8022285703
1.72752613774 65.3029796915
1.87605156664 70.080875652
1.79167019143 66.6880313787
1.65890505331 58.455749134
1.60297087209 54.3620314359
1.90873813397 81.1851661508
1.78710166546 65.5150443799
1.73170884182 61.4692859554
1.67539492187 58.7841383665
1.83277076564 67.1022682334
1.6543247788 54.4077141349
1.69583451609 60.2924911056
1.79955195783 66.3879366806
1.7550586971 61.4180197107
1.7023809057 60.7964618621
1.79039042997 63.7277981532
1.77570536203 62.294460564
1.71520889916 58.614007315
1.97840929551 82.685854017
1.75841282723 65.3778426226
1.76574502698 63.319015894
1.7396466801 60.1753393071
1.78679893622 65.2967526768
1.70463676299 57.9297368833
1.70930629435 63.1187708449
1.61019072667 54.586479624
1.68509281303 57.4981306884
1.79204695565 65.239824766
1.81338672667 67.7456793804
1.55681193085 54.4639997203
1.64962060371 53.6061557944
1.73519852752 62.936292341
1.75841872953 62.3272163311
1.82132230243 69.4047513244
1.63546410294 50.0970127313
1.85038136587 72.1450968792
1.67465325991 59.6011101487
1.8262394581 65.2005292954
1.79725504843 67.015968408
1.71596095403 60.7991971168
1.68788288185 58.8508467754
1.83953704544 71.9996321317
1.87095925885 70.5697125024
1.81680032665 69.3990644441
1.78775522816 69.6462536087
1.65707572526 60.3303063107
1.85294120734 69.2730709608
1.67449454087 56.4066540357
1.71920943411 61.9669822878
1.68464779029 55.8078472617
1.58516183273 52.4328850518
1.67314559936 54.3698788048
1.8032249449 62.9202202141
1.85649831199 71.1030777905
1.55163894886 50.2460138844
1.84048824835 70.9195655458
1.71590101632 60.1571540129
1.85310381038 75.8588135858
1.8882698452 73.6388715953
1.73165743805 59.4828576192
1.77191757217 67.1762857014
1.72922770681 68.7187328026
1.85605580261 69.6853126688
1.60003931539 55.5154820014
1.52849329841 48.060847685
1.65598373938 55.8332817207
1.94647992233 76.6351128628
1.74751842981 64.7713881482
1.88265878277 71.9691987921
1.75296674889 60.0340974615
1.64934473563 56.3882974756
1.65190246768 55.4252454985
1.96279843605 80.1247909432
1.84354855679 69.0279209932
1.83467367958 66.041756867
1.85073615418 66.4376924204
1.60511941661 53.864107133
1.74021913156 63.6921253752
1.68451409316 59.9687517523
1.80651873814 62.0518067339
1.76294984241 60.3970765528
1.80476161063 68.500606288
1.64434561435 55.9110218666
1.7236473444 59.8689517336
1.71212410397 59.5800702892
1.83054507035 69.8239645601
1.78027804693 63.5187455433
1.65738209077 56.3716969359
1.72208790858 59.7513409805
1.72339215438 60.114800305
1.60014098273 48.0494159978
1.78706858956 59.5168449033
1.92832911205 74.7057557629
1.60798651552 52.7595898106
1.77902325797 60.6645207093
1.83189017882 64.5380873342
1.74264098697 59.7346007093
1.72500305851 59.2483842103
1.66403178415 57.448218821
1.75658341459 63.5528079393
1.98214219398 78.7048235695
1.71958285737 56.2619907311
1.85526857586 65.8970968333
1.91812591128 73.8347818986
1.75155630805 59.3141191151
1.80117030193 64.5643510902
1.72160460514 57.4162814295
2.01487313543 87.9802791152
1.81392676375 70.0531594559
1.89671519495 73.5270944656
1.84669436941 72.5410771735
1.96980199061 76.1372598338
1.62343115858 53.4431737673
1.81637448935 70.2765634332
1.89912452213 77.7948637521
1.7383954885 60.738169912
1.82416150853 69.494175129
1.74344305373 61.9541911526
1.53605246394 49.371456955
1.83952773504 70.9400406827
1.93292745702 70.5118013237
1.7721982296 66.6857741241
1.63824928448 53.4127178345
1.70725019963 58.2264030637
1.95459059113 82.8028944895
1.87329605585 73.4681963894
1.6790391859 59.8352087045
1.93626632476 78.6711330059
1.68689511651 61.5051559425
1.79892739687 66.0507033812
1.77921996712 62.7639886008
1.78468871178 63.5549584448
1.76293850239 64.9319908519
1.69937242251 57.9627176433
1.6668797613 56.7157370823
1.78075811807 67.6827041183
2.03392672291 87.7828572022
1.77834438786 61.5373528683
1.63524871195 53.5299351687
2.01794181857 78.4672487103
1.80328583246 60.832405043
1.58642396753 49.4589612594
1.57096992544 47.9493446537
1.60807037005 53.8184805347
1.66401096094 60.7900431267
1.52399611287 48.8925075751
1.82098774032 68.9365900666
1.64427589972 53.9099295989
1.73643517152 61.6773018992
1.79126094743 68.3910741671
1.73737297609 57.9647453005
1.64244536874 51.5708536992
1.80331728604 65.8558441364
1.63877273733 51.9699268537
1.71200449797 57.8501786088
1.72663403188 60.0063607037
1.89038144558 72.4958325983
1.73753530722 62.9034008756
1.76844535926 64.4962697099
1.77984741347 63.3523525442
1.81229018974 65.8149208555
1.87720534459 70.5582966555
1.93537064116 78.5642786986
1.7563238939 64.2773563902
1.62007018638 54.2324467717
1.7779240017 64.0834576263
1.79528990149 66.2577360544
1.714401109 61.1032029597
1.71966333499 59.9120284276
1.74009714639 64.1608129299
1.66793644746 56.7158453426
1.93595199334 76.3441927498
1.81311326664 66.6373123169
1.67443724821 58.0174265346
1.72813088394 61.6930644982
1.79100711489 65.8899275772
1.80443442361 69.1734230331
1.59859220767 54.6207715029
1.79022547686 66.292304793
1.57469269069 50.5665304781
1.94885022278 81.1688612288
1.85738937188 70.9548834077
1.82284148322 66.1713195853
1.81761186713 70.646648913
1.70229704818 58.2137786691
1.84405839644 71.9727670895
1.68040623194 59.3601142979
1.88158667059 75.6228545018
1.9118495249 73.1364084972
1.95091272837 75.1007910004
1.7168915828 65.2863566072
1.74079514009 61.6359203224
1.73873270576 60.1402864317
1.7234560063 63.9455604546
1.77862494945 62.2392988019
1.65062404201 56.7660655362
1.56327635944 54.4632292634
1.85127876432 68.2623808408
1.70578469358 58.6330381465
1.8000930305 58.9214646978
1.76271089803 64.6463351214
1.80263664907 72.1267224492
1.70652189479 59.7437499074
1.83659586062 69.6481825536
1.79739522484 68.2439477325
1.73319372679 64.9365534221
1.74739210954 61.0673739174
1.66480888528 57.639868437
1.72382345873 59.110793215
1.74929394116 63.3198048252
1.78728390309 62.1059250758
1.89972652713 70.6662134175
1.72427707546 62.9056939336
1.60990688939 52.6450705422
1.75660258141 64.0351457719
1.68738096745 59.5082034128
1.70757837973 59.6970452274
1.68162160107 55.9100868673
1.70079708222 57.1570813662
1.79853441243 68.9879194441
1.63454132866 58.6312647188
1.74909599273 62.5999824151
1.72378482852 57.985011506
1.71320365393 63.4110175281
1.60594783219 53.878744
1.81430259763 69.287785563
1.86122305601 74.1328808113
1.58795852123 54.3165346109
1.59342335187 48.6889257447
1.76871375829 70.4135014046
1.83495434446 71.3389520367
1.81583037595 66.2301521868
1.61844450889 55.5450151192
1.88646696692 69.4053912736
1.71455846415 56.1684587395
1.83667407888 67.1467452995
1.68649525543 58.3533662707
1.68353111912 54.7202436812
1.62386091734 58.9726420552
1.77772604158 65.7612069348
1.82868325653 67.694883531
1.78470476724 62.8254979526
1.82301070459 75.1282517294
1.9067014624 77.7187708785
1.64071501577 56.2458048299
1.71861221813 57.9198888058
1.67059157542 58.1034715728
1.81597630677 62.5813597875
1.6223275553 54.5675309212
1.75690723145 64.2576745367
1.95555597607 76.9499357498
1.77466443337 68.394977583
1.75131922753 64.1328236413
1.63383627454 55.0754702411
1.76534312039 68.8216079016
1.85278238025 66.3218707506
1.68526591234 56.6279019684
1.8412089803 67.9634847226
1.61018669585 51.5102253809
1.85798600404 72.385557162
1.77909834097 62.8493164114
1.90634616207 74.9551486196
1.81699004056 62.4977660071
1.75655799255 67.0244289284
1.89172144657 71.0057965943
1.78538226026 65.8573488032
1.57805556592 49.405336864
1.71002603475 61.8607095161
1.79030307762 63.1476478075
1.55843294305 50.2668995247
1.73319305419 59.1521808729
1.67314161931 62.7246058864
1.73506594576 61.3750151427
1.74733177982 58.8177026699
1.63128390698 52.2056988211
1.72568995536 55.8092097093
1.86637904916 72.4782609168
1.73370547848 57.8325051992
1.75251100921 65.0518058997
1.92838066291 80.9692431524
1.74531283624 61.6948718133
1.66259551008 57.1353781961
1.77444907363 65.5119833194
1.86827399003 73.0642734451
1.60481330149 53.1969218667
1.77638067612 64.3574772284
1.71535041051 58.7177963977
1.72730572236 64.0828331311
1.66235103551 54.4746286063
1.85876778663 76.7917299843
1.74712479445 61.9412362457
1.65880756318 58.6611822953
1.6566678409 58.8893054952
1.87645495139 72.6757725007
1.60612359933 54.721547477
1.71508176807 62.0582761184
1.98464780909 69.3301185368
1.68375035438 59.0838480083
1.7697855263 64.7548963739
1.81716260153 64.2622394088
1.86962219827 71.4901613747
1.68574282379 59.4949691745
1.7606792909 64.3790298736
1.76122771745 59.3059267363
1.72068618924 59.2373272296
1.85531833964 74.9500131044
1.72751562974 58.1948242241
1.76047873162 66.0612219243
1.85023335873 68.1471422213
1.77474172187 61.4151857313
1.74344867678 64.4560266891
1.64898610778 53.4523439801
1.74991370645 64.5278256186
1.52579922829 48.7066887691
1.95446494235 79.5930713722
1.89491178448 73.1128894874
1.79945203089 70.2461625017
1.83749822324 72.012900077
1.98645167114 84.955958662
1.68068021878 57.9419403303
1.69639334424 59.9333980436
1.89956481467 75.0292721212
1.77975254511 66.5938205908
1.63167714045 56.9914262117
1.82860370604 68.2478223199
1.72494767962 61.5395189677
1.75915661856 62.9782980677
1.56929739484 46.8362795498
1.73777929061 58.9009484611
1.65518525296 54.898033414
1.60016190092 55.1846354291
1.7515176154 63.3431582788
1.68982064335 63.1129771577
1.7407499626 65.8373117748
1.64580911396 56.7249292123
1.78781311916 64.7535180501
1.6181772419 52.5206618487
1.66960570909 57.0851894318
1.6477068436 56.2330031145
1.76255615276 60.4186688232
1.67398122618 57.9368277524
1.74538509467 59.3247240471
1.67492077861 57.5941208737
1.75154852662 63.3884488878
1.78034827634 60.866226832
1.62238400558 54.0370036591
1.69213354992 59.1207727569
1.79539363167 69.2780849253
1.60879837119 51.4689131684
1.749980371 62.8556954811
1.61108378898 53.8841702748
1.68782017829 56.1621358492
1.72097513445 60.0991570422
1.5293984995 48.5747780399
1.74609524618 63.6224964189
1.90303390856 78.507401235
1.91409123941 74.9591114878
1.85742732732 69.6183203892
1.78720923025 69.9787750102
1.81494027152 67.2208282318
1.69221576867 57.6427177391
1.68910346625 59.4909658212
1.86172912557 69.9578077483
1.66475339447 57.8070360854
1.75828898946 65.2061297628
1.76821368597 61.6611030345
1.56537657915 50.2188589308
1.94584071265 76.0685846967
1.72726889882 57.6499691207
1.63428439246 51.1000641921
1.86328443214 69.5733747545
1.62417143838 54.6805607506
1.79935323367 67.3667149216
1.67783082856 59.7777348333
1.6756224386 62.1338333315
1.77936575777 57.9855665801
1.7109694136 60.462848155
1.81781412097 67.660259964
1.84216950612 70.0314893527
1.67016813567 59.9688198075
1.59128468827 53.192526254
1.8470209541 69.7872194651
1.67668314056 56.4459111612
1.67941143986 60.9948824831
1.89126075631 73.7147389057
1.60641722259 52.6781872666
1.76683961857 62.2742556566
1.67254073026 55.360133718
1.67144268825 57.1181343157
1.76805018769 63.6062015729
1.62640503839 52.7595245516
1.65027995837 53.5353008527
1.65991435962 59.9742984758
1.69830027534 56.5792915578
1.8629853863 74.7701036821
1.70322364945 58.0706804998
1.61657140244 54.1018231711
1.91899572643 71.2312584478
1.82067019975 71.5104146822
1.60856123577 55.3810961671
1.55804098592 48.6944716317
1.72718775859 63.4733272942
1.69970305641 58.9114230984
1.76981047435 66.8724667075
1.82930096419 68.6321224595
1.75609133058 65.5642498683
1.77771419632 61.3773847232
1.68904979366 59.9550329909
1.88788303517 70.9567367728
1.53667455686 49.2640876877
1.84875825747 72.2744060734
1.81738004442 64.1179058286
1.79886819593 69.687236369
1.8462473495 71.1450250769
1.7962104255 69.0029268099
1.89551258121 78.773161951
1.85860360471 71.6430964476
1.97534398707 78.1583559824
1.85127867878 71.8219040187
1.68247362324 55.1871467598
1.81929923642 72.6294617653
1.75279945546 65.8355484709
1.82444513409 68.4560470826
1.92127353738 72.4975919907
1.72201502338 58.7933542176
1.67735345541 59.6971520129
1.80563589399 67.7601766935
1.60224841116 55.2442251778
1.71731941354 58.8871668245
1.7998854738 64.8709118274
1.84273091697 71.4715744662
1.75700320897 70.1375892367
1.6715128509 53.0867565888
1.68839363843 54.9964388112
1.75058566555 62.5333426151
1.90054648881 73.4145670843
1.73515297074 59.4432034492
1.8039145583 66.7407127645
1.82795810467 70.5491215123
1.58056333076 47.201420991
1.70694028238 63.0128548537
1.77740576085 68.1049800273
1.77832337491 67.6514990269
1.7574061134 63.049901387
1.89462324362 72.7469309752
1.76153419934 66.195750315
1.76163697971 62.7620937793
1.82966262555 70.0446890262
1.67787986927 58.2727932794
1.64644565449 55.4791821876
1.60348040523 53.2777667259
1.8348720776 72.0701967073
1.65191354763 51.4926424757
1.73784493969 58.662545579
1.7264949184 58.5309426171
1.64756461983 57.0053714428
1.89360272308 72.3721155995
1.63017259987 54.2605062052
1.63794768434 56.7905467811
1.60453657987 50.0186377634
1.93200514765 76.2980633593
1.8684660957 73.8831720566
1.65378215084 54.3438189069
1.72702080342 57.7792165072
1.78678146348 63.4098402459
1.68006985727 58.8018463831
1.85529676061 72.4381307668
1.74240467624 61.476421815
1.57743418479 53.2762353303
1.6434830463 55.5222668586
1.70855400838 59.8281148772
1.89987457885 70.8687252562
1.61696577349 50.8343387169
1.79135065805 63.5676055633
1.65841649364 53.5594900549
1.70673993941 61.6397678362
1.63966143696 52.5985558419
1.67196046766 59.850664093
1.71119241739 65.4313975276
1.71337569945 58.4079483311
1.71721024756 59.6164323221
1.69939314719 61.218510183
1.58588021932 50.8140877328
1.72242082418 62.7266295597
1.6966174362 60.0734953963
1.8391335266 75.8827053858
1.69562883319 61.8189377742
1.87990632757 72.4327689493
1.70431291708 59.175431876
1.67719436999 58.3692100105
1.94263888544 76.5464594575
1.71990856219 61.0109146897
1.8859163206 74.641970852
1.86017698892 71.8008952227
1.74510546891 57.2313608621
1.71225162763 59.4458239917
1.83127950349 71.2353671665
1.74402768873 62.0247293857
1.71699961384 61.4028715417
1.82755852687 69.8237887291
1.69598095185 66.1245217644
1.67269926486 58.3411624179
1.74763302534 59.7372010373
1.87911701588 76.8623127113
1.61139727106 53.6130480734
1.73796997741 61.3903106095
1.83221671602 69.4008428995
1.87613231136 67.9590213843
1.82391385431 63.5807744943
1.84533867082 73.3084765574
1.85960132835 75.7227532992
1.83279192604 70.3314944488
1.96924735176 76.2783018033
1.81072153864 64.8632861138
1.67176611832 56.867498053
1.87028273196 69.9988591896
1.55062741707 45.2339195006
1.75604859391 61.4284248193
1.73866293911 63.3288007077
1.77425670186 62.3346516735
1.67763044738 56.285432855
1.70190404031 60.3592429209
1.84098282815 68.4362804239
1.85270466263 72.562883371
1.64986947387 56.9162888759
1.64564493963 56.2488696679
1.63351451374 50.8338379512
1.74772582877 65.5812814658
1.79203693134 65.2483563024
1.74669262175 62.3066625045
1.66705916738 55.9470611765
1.84815551075 73.8096810671
1.83566352186 68.7536068566
1.75055182164 63.8007198967
1.76421773024 65.3948615803
1.74336457067 66.1270551695
1.63157120515 57.052468361
1.6449576673 55.6774709287
1.78173750834 65.1087735065
1.69207941376 57.6814824063
1.7605078756 62.2914905526
1.84088435372 69.1820738641
1.65990058803 56.1137022251
1.8179064246 65.0767491154
1.65841204422 56.1920372873
1.7905827661 64.4773764158
1.76146907368 60.8694706271
1.81703842054 65.6066047524
1.69690841014 61.8548728744
1.73153259848 62.7388849527
1.71615450838 59.8937070916
1.76794309733 64.7804024596
1.89654759697 72.3667936298
1.86273907114 68.809402687
1.90705756925 75.9383467649
1.83188898224 69.768344585
1.84899374901 67.8370130213
1.75385181924 62.1336201125
1.78392745878 65.1357990825
1.73172503574 59.7543251167
1.78448797203 67.0195447812
1.85969271322 68.4841562314
1.8552905157 70.1034331959
1.60630786271 57.7634877467
1.76274436552 61.025751394
1.78628451181 59.6934394826
1.72601587267 61.7170353653
1.68979572653 61.2660949025
1.64732177371 56.2722798051
1.78259397314 64.9273867161
1.82883584248 64.5498745363
1.85320732597 70.5275040402
1.86384125109 67.770542211
1.67279847293 57.2991597319
1.77208286156 69.4063939094
1.76928621272 64.6219516378
1.81517741372 66.4358123102
1.7895111735 66.7708906637
1.80176126779 64.2802738897
1.67320011879 63.0075721934
1.5865190025 54.0085303568
1.64407692383 55.5640294298
1.72997833658 63.4774635247
1.76904561765 62.6132967263
1.69931935736 60.0804518997
1.7429725769 64.546363868
1.90724103913 74.6348007836
1.68307536093 56.0798689423
1.87756834217 73.3399563905
1.70090697864 60.4548288091
1.71602080247 61.4880670266
1.5734229963 52.1883174057
1.64184503607 52.4376698969
1.81914746381 68.1024462455
1.55379071306 50.883508603
1.76429049438 59.2403419273
1.79100525202 62.1440988744
1.66426590773 55.9102577551
1.60997400204 48.6237235346
1.77346445742 57.7184054016
1.77039270061 65.2816570312
1.88633842913 72.0047034064
1.67463936662 59.1451340988
1.68940229218 62.6066885335
1.7171364506 59.3360862238
1.81727097199 68.5057190973
1.78463196738 60.5798605154
1.80908609548 68.4574279273
1.85830699326 69.0937651773
1.86606299483 72.2932677075
1.88580948174 74.1758500979
1.61057089535 55.2075600873
1.78986054687 62.6569313306
1.79646206734 65.0835914852
1.7523341873 61.7583710413
1.80653909267 68.5016917344
1.80568077755 65.1232594692
1.68369272017 61.7587835978
1.81833545808 72.4717331356
1.57030354638 49.7479224272
1.85993135328 70.1623885571
1.83205663009 70.4431476668
1.73356397295 56.0110235487
1.73179024398 60.8731279013
1.62936706598 53.3500543807
1.88396509041 71.9817464415
1.71833669475 59.6189060332
1.56278792644 49.8975357552
1.53100257772 47.701911134
1.72796671245 60.5083726966
1.95488278614 78.482765844
1.8950394605 77.3496184495
1.69212078679 53.5843762159
1.91538989318 76.6370741602
1.74708573521 67.9436256907
1.81411732214 72.2403420576
1.59479295401 54.2893646887
1.73738778761 63.8422524449
1.84056063937 74.1123796375
1.7003643358 59.2974337001
1.82684135784 70.853340878
1.89377326667 72.2345165783
1.64196244166 55.6296590778
1.69754155629 56.0669785856
1.90957253096 75.6115602668
1.77839006919 59.2391949658
1.74871436138 63.4313210409
1.89851491805 76.2882504182
1.81316195241 63.6887688022
1.65064272956 55.291350953
1.67805708306 56.9977160791
1.89789193973 71.6124827792
1.7660664774 64.2491610862
1.78982683185 70.5293084365
1.8236261164 67.8372858703
1.85524935823 71.2065806186
1.68523527034 52.8062386929
1.72565330487 57.56081473
1.76109877022 63.0993824721
1.72389140551 62.2166545219
1.80775301079 70.2799029907
1.92187044527 78.1766635129
1.75882287011 65.7013202538
1.60898836685 53.7257695679
1.90833292505 76.4922003081
1.55077805446 46.8552165365
1.67421717291 58.3367118007
1.83587956932 67.3098647971
1.96783608535 81.7167270947
1.82013495596 70.8861208988
1.7745116828 62.9508349453
1.77646858879 64.4826218147
1.59270637014 51.211266114
1.72571267518 62.2065376552
1.72385165381 64.1962024909
1.71890926436 60.8917286843
1.89543311955 74.9283902007
1.92075871307 78.7436949638
1.60316874778 56.5137676177
1.84066729752 64.4626907819
1.64170018403 56.3422972685
1.75294534281 62.4398553427
1.61183000322 55.8596612251
1.90371113722 68.7854664223
1.68249147892 55.3716160297
1.93848191619 77.9783322065
1.61965323644 55.2205583144
1.57789009795 50.778617125
1.70878328079 61.9845962176
1.84330053068 69.2911047347
1.83263857684 66.5253825628
1.51429923789 47.8418904963
1.7298436457 58.7554046309
1.59747350415 55.059690512
1.68432016056 62.6689918027
1.78319290436 61.9660780488
1.57719161111 48.6518693287
1.68257091873 58.1477460425
1.67421657894 55.3865365773
1.79623150205 65.9351652472
1.77848349381 68.6657571405
1.85585710353 79.6449316794
1.82061085513 62.6332898232
1.67696704199 56.3194120237
2.02511792693 84.2108030116
1.82721789928 66.1714168302
1.89268942171 65.7203363924
1.69963293596 62.1242870151
1.73696370349 62.6698505459
1.88071916949 71.5572308173
1.69109115334 58.1401913844
1.67675198848 52.1428520516
1.94679982956 76.8665818908
1.68595873935 58.4997855773
1.67149252907 58.7240406362
1.80507239876 64.9562623713
1.95186901661 76.5103949988
1.72894050009 64.6607244164
1.76852306058 68.372000377
1.86244950125 70.0302126698
1.73149941782 66.5909094548
1.88297661163 76.45700957
1.50159841711 46.651139055
1.69054352535 56.75469862
1.96171896034 76.7095095269
1.58962082665 51.7043740333
1.73391301714 63.5628289829
1.81728744013 64.9728550728
1.81590337779 67.3644114085
1.52888723563 46.4895777282
1.911474181 82.2159057432
1.81872002741 70.0375577272
1.77075649876 62.5762565367
1.65860645138 56.0781794081
1.74552723295 59.7213305255
1.67532831697 54.7964509678
1.71590737953 62.7941147811
1.67545429267 56.0384561427
1.6965224094 58.8273673539
1.81794513413 71.3122463727
1.78274613461 62.0047591016
2.02701039301 78.0039854043
1.74335354137 61.7845755516
1.87761044503 73.2820498176
1.69875746802 60.6302488103
1.66179855687 55.4602389802
1.86374992852 68.6658632317
1.84233913044 69.1056937312
1.95147874324 77.3807563577
1.54209849782 49.4928074371
1.56216446219 52.4578030308
1.85771971222 71.8749138383
1.94355074437 76.2642188912
1.69414409632 60.2856702278
1.84292956917 69.9882338938
1.76407154861 56.4742487255
1.80046045495 68.5554956186
1.89232737867 73.8940228581
1.88578168211 68.4380275198
1.67882175736 60.822507967
1.67118658179 56.4893482583
1.83848282358 64.935907914
1.83301513777 71.09046795
1.7646158049 63.434606413
1.93582674975 76.0712298183
1.72221893508 59.222315137
1.84832634603 69.1692895974
1.77422239399 67.4646573503
1.83444010549 66.5907619644
1.69420497073 62.0034494305
1.80799877389 72.9027595958
1.73472869112 63.8452974315
1.55459105245 50.8182123003
1.79135113647 66.979293003
1.56602844358 53.7980239918
1.6785125369 57.605630877
1.79640286497 69.0395909189
1.81442432094 69.0902651358
1.91084017587 75.4964133744
1.66170113377 53.4880313216
1.74341287229 64.1754345064
1.81974105363 66.6421433302
1.62652187013 55.3900383275
1.66639991894 56.9895581849
1.70487184314 61.0513410075
1.80568873882 63.0422319036
1.87086790181 70.9660312641
1.65787767411 60.9196927325
1.75665390978 64.0729766566
1.62544310557 57.3878094787
1.58167856769 51.9837948441
1.81385102618 70.50461308
1.81249941881 67.0251382459
1.83534955672 65.8736824515
1.52360893375 49.5123987272
1.70752160785 62.5413674209
1.82777479509 67.4427977384
1.7317722167 62.4444318329
1.88042964046 74.7405319224
1.70754883629 57.6271421084
1.70054525628 58.2656887948
1.71209664074 62.1741867393
1.61145084303 51.4927339943
1.69001584728 58.4681396396
1.75814900436 61.8367056331
1.67738326052 55.34739814
1.53546564426 47.5387027094
1.83584191498 72.7953498683
1.71425835282 60.022057954
1.89537709925 68.5901116893
1.75469599257 62.0979663272
1.68162987588 59.9294698038
1.63242703686 52.4133697593
1.86058649328 68.1609756213
1.59927763774 57.9847219551
1.68955582526 58.4436878918
1.73969451078 57.8331910117
1.60432372455 52.802808632
1.60198670322 55.5384156299
1.54894625341 48.6000775437
1.57798369094 52.0084837492
1.64437059067 56.1787683997
1.88059958553 70.8517529204
1.67254310815 57.7292459694
1.74077604118 65.1498786019
1.62397366222 53.176427128
1.79814722544 64.4785239101
1.67989553944 58.1843342057
1.69312172964 59.0540739616
1.80863738705 65.3267283945
1.7536260525 62.9563590131
1.79841613222 65.0778686841
1.74986470644 61.8224989503
1.62776736791 57.0814866305
1.64864628596 53.9043303253
1.70538707117 56.9744594855
1.91604801284 76.350156994
1.87492959827 72.4202576225
1.65024087081 55.9026223126
1.65318429156 57.1445748474
1.83524225705 66.9003995909
1.5599344987 48.143593523
1.6546185778 54.8320173058
1.70067097371 61.0142183779
1.80646046984 67.4410801981
1.88803553957 74.6677863536
1.52123982123 50.5321028102
1.6459290953 52.6571243473
1.69894137628 60.3083678438
1.59534506315 49.0462768117
1.87467287959 70.5655213917
1.7907990264 66.5263252647

